ascendList
selection sort:
insertion sort:
Sedgewick shell sort:1000,0.00015291;2000,0.0008137200000000001;3000,0.00075875;4000,0.0011980200000000002;5000,0.00159057;6000,0.00170919;7000,0.00275175;8000,0.0030167299999999996;9000,0.0031663800000000008;10000,0.00397998;11000,0.00457694;12000,0.00479417;13000,0.0052586;14000,0.005839779999999999;15000,0.006443409999999999;16000,0.0064429299999999995;17000,0.0070176200000000005;18000,0.00731502;19000,0.01752348;20000,0.008381920000000001;21000,0.008941389999999999;22000,0.009503369999999999;23000,0.01004231;24000,0.021233389999999998;25000,0.010831549999999999;26000,0.01112443;27000,0.011430969999999999;28000,0.01257047;29000,0.012479529999999999;30000,0.013029529999999998;31000,0.013501240000000001;32000,0.01407421;33000,0.0154923;34000,0.015536169999999998;35000,0.01538094;36000,0.01566569;37000,0.016198590000000002;38000,0.01713232;39000,0.01730966;40000,0.018999300000000004;41000,0.019131440000000003;42000,0.01945311;43000,0.02509204;44000,0.019583289999999996;45000,0.021142920000000003;46000,0.021481640000000003;47000,0.021247910000000002;48000,0.02253967;49000,0.02245711;50000,0.023038839999999998;
heap sort:1000,0.0020658000000000004;2000,0.0043016600000000006;3000,0.00649493;4000,0.02818102;5000,0.01160826;6000,0.015133650000000002;7000,0.0182989;8000,0.020968579999999997;9000,0.02398619;10000,0.02627854;11000,0.03082547;12000,0.03429216;13000,0.03598059;14000,0.04006776;15000,0.043628700000000006;16000,0.046041389999999995;17000,0.04805235;18000,0.07088146000000001;19000,0.05479758;20000,0.08280618;21000,0.06103135;22000,0.06491029000000001;23000,0.10372510000000001;24000,0.07001038;25000,0.0753083;26000,0.0983635;27000,0.08276281999999999;28000,0.08700112000000002;29000,0.09088662;30000,0.09351147;31000,0.09575675;32000,0.09990191;33000,0.10027797999999999;34000,0.11121188000000001;35000,0.10888776;36000,0.11242656999999998;37000,0.11613352000000002;38000,0.12230130000000002;39000,0.15385179;40000,0.13505638000000003;41000,0.12884382;42000,0.14222928;43000,0.13926677999999998;44000,0.14284840000000001;45000,0.15787087000000002;46000,0.14553555;47000,0.1568626;48000,0.15744988;49000,0.15854342999999999;50000,0.16069932000000003;
quick sort:1000,0.0008504;2000,0.0020225300000000002;3000,0.00367156;4000,0.00524694;5000,0.0058248399999999995;6000,0.00701513;7000,0.00817111;8000,0.00968563;9000,0.010901129999999998;10000,0.01180587;11000,0.013517270000000001;12000,0.01399614;13000,0.01612795;14000,0.01956155;15000,0.01771627;16000,0.023111929999999996;17000,0.021296169999999996;18000,0.021867570000000003;19000,0.02321261;20000,0.02492144;21000,0.02585188;22000,0.027213809999999998;23000,0.028001040000000005;24000,0.032932819999999995;25000,0.03041666;26000,0.031380279999999997;27000,0.03547755;28000,0.034563699999999996;29000,0.035609829999999995;30000,0.03731905;31000,0.07500442999999998;32000,0.045484029999999995;33000,0.07454817;34000,0.04298172;35000,0.04423374;36000,0.045356160000000006;37000,0.04715374;38000,0.04854509;39000,0.04993552;40000,0.05075857;41000,0.0900132;42000,0.05350691;43000,0.06725405;44000,0.05877381;45000,0.07256073999999998;46000,0.060035170000000006;47000,0.060857949999999994;48000,0.06566069;49000,0.06258812;50000,0.06403078;

descendList
selection sort:
insertion sort:
Sedgewick shell sort:1000,0.00055067;2000,0.0008832300000000001;3000,0.0012177599999999996;4000,0.00128372;5000,0.00196223;6000,0.00208037;7000,0.0023900600000000003;8000,0.0032194900000000006;9000,0.0035821100000000003;10000,0.00459655;11000,0.00463398;12000,0.005623520000000002;13000,0.00579678;14000,0.00621306;15000,0.00657503;16000,0.0075790300000000005;17000,0.007560320000000001;18000,0.00834863;19000,0.00893193;20000,0.01152289;21000,0.01000798;22000,0.01043934;23000,0.01064629;24000,0.012653710000000002;25000,0.01192744;26000,0.012136280000000001;27000,0.012496940000000002;28000,0.0132802;29000,0.013963380000000003;30000,0.014455469999999998;31000,0.015221090000000001;32000,0.015526299999999998;33000,0.01585582;34000,0.01726075;35000,0.017276580000000003;36000,0.01768981;37000,0.01858208;38000,0.019741460000000002;39000,0.018997530000000002;40000,0.02042331;41000,0.02032332;42000,0.02072633;43000,0.021627109999999998;44000,0.02205343;45000,0.023661079999999998;46000,0.023432099999999994;47000,0.023891209999999996;48000,0.031932350000000005;49000,0.025691679999999995;50000,0.026098289999999996;
heap sort:1000,0.0019005300000000003;2000,0.0041087;3000,0.0062717599999999995;4000,0.01082496;5000,0.01212603;6000,0.01501145;7000,0.01801399;8000,0.02026713;9000,0.02308849;10000,0.026286079999999996;11000,0.029905670000000002;12000,0.032351580000000005;13000,0.038320299999999995;14000,0.03918503;15000,0.05420822000000001;16000,0.04467353;17000,0.047575980000000004;18000,0.05270083999999999;19000,0.05520743;20000,0.05792106;21000,0.060793410000000006;22000,0.06296487;23000,0.06888156999999999;24000,0.07640407;25000,0.07367193;26000,0.07780657999999999;27000,0.08080248000000001;28000,0.08517042;29000,0.08757088999999998;30000,0.09065772;31000,0.09488174;32000,0.09808210999999999;33000,0.10038297;34000,0.10857136;35000,0.11072523000000001;36000,0.12033717;37000,0.11337906;38000,0.11806592;39000,0.12076384999999998;40000,0.12600761;41000,0.12938623;42000,0.13729973;43000,0.13470488;44000,0.1449036;45000,0.1524036;46000,0.14525711000000002;47000,0.15358624;48000,0.15419875;49000,0.15958703999999999;50000,0.15901471;
quick sort:1000,0.0015084299999999998;2000,0.00270118;3000,0.00320166;4000,0.00577949;5000,0.0059986399999999995;6000,0.00698672;7000,0.008279680000000001;8000,0.0089907;9000,0.01057342;10000,0.01139799;11000,0.01313895;12000,0.013763889999999997;13000,0.016525699999999997;14000,0.01800574;15000,0.01835259;16000,0.02009153;17000,0.02075118;18000,0.022121850000000002;19000,0.0231612;20000,0.036535319999999996;21000,0.02574494;22000,0.027163350000000003;23000,0.04856866;24000,0.030176210000000002;25000,0.0306242;26000,0.032403680000000004;27000,0.034695319999999995;28000,0.03510232;29000,0.0387624;30000,0.038219109999999994;31000,0.04302158;32000,0.04061995;33000,0.044059009999999996;34000,0.07394036;35000,0.047585909999999995;36000,0.048558000000000004;37000,0.04700051000000001;38000,0.04860059;39000,0.049520049999999996;40000,0.050598769999999994;41000,0.06072129;42000,0.05399879999999999;43000,0.05471296;44000,0.05707333999999999;45000,0.062159009999999994;46000,0.05995942;47000,0.06164234;48000,0.06537970000000001;49000,0.06264078;50000,0.06417519;

randList
selection sort:
insertion sort:
Sedgewick shell sort:1000,0.00025566;2000,0.0007385499999999999;3000,0.00128473;4000,0.0016493300000000003;5000,0.0021063600000000003;6000,0.00209407;7000,0.00377621;8000,0.004128280000000001;9000,0.004552800000000001;10000,0.0048148;11000,0.00562521;12000,0.00630994;13000,0.007201549999999998;14000,0.00781832;15000,0.00800137;16000,0.0081296;17000,0.00927806;18000,0.00965071;19000,0.01077556;20000,0.0115605;21000,0.01191335;22000,0.012605769999999999;23000,0.013013199999999999;24000,0.01509943;25000,0.014539650000000001;26000,0.016339990000000002;27000,0.01566639;28000,0.016408370000000002;29000,0.01710817;30000,0.018075610000000002;31000,0.01863459;32000,0.01913251;33000,0.02035201;34000,0.02191626;35000,0.022297;36000,0.02221649;37000,0.02261008;38000,0.025668179999999995;39000,0.02424377;40000,0.025164770000000003;41000,0.025858959999999997;42000,0.02673358;43000,0.02665588;44000,0.031067479999999998;45000,0.03015907;46000,0.02994484;47000,0.030863179999999997;48000,0.03264384;49000,0.031043080000000008;50000,0.03304511;
heap sort:1000,0.0011680599999999998;2000,0.0039866599999999995;3000,0.0071004;4000,0.00999979;5000,0.01227824;6000,0.0148672;7000,0.0175229;8000,0.02103933;9000,0.02411493;10000,0.02644068;11000,0.029905509999999996;12000,0.03559588;13000,0.03869177;14000,0.03993564;15000,0.04425064;16000,0.04567187;17000,0.050409749999999996;18000,0.05222529;19000,0.055449530000000004;20000,0.05899185;21000,0.062104650000000004;22000,0.0646301;23000,0.06764862;24000,0.07075535000000001;25000,0.07656428;26000,0.08094596000000001;27000,0.08135151999999998;28000,0.08926011999999998;29000,0.08956861;30000,0.09607337999999999;31000,0.09653551;32000,0.10158654999999998;33000,0.10302613000000001;34000,0.1068171;35000,0.11015418000000002;36000,0.1162491;37000,0.11888364999999998;38000,0.12014661;39000,0.12977854;40000,0.1522029;41000,0.12880494;42000,0.13596775;43000,0.13783755;44000,0.14810914;45000,0.15689139000000002;46000,0.14857488;47000,0.15542134;48000,0.15700016;49000,0.16078498;50000,0.16419849;
quick sort:1000,0.0009955300000000001;2000,0.00196621;3000,0.0037155099999999996;4000,0.0049240199999999994;5000,0.00534493;6000,0.006696339999999999;7000,0.00798369;8000,0.00997715;9000,0.01081499;10000,0.01243045;11000,0.01265345;12000,0.01407071;13000,0.016151420000000003;14000,0.01698148;15000,0.01852643;16000,0.03146520000000001;17000,0.021023840000000002;18000,0.02224826;19000,0.02465513;20000,0.027873430000000005;21000,0.026232110000000003;22000,0.027431729999999998;23000,0.029065209999999998;24000,0.030421220000000006;25000,0.030732810000000006;26000,0.03333642;27000,0.034527419999999996;28000,0.03839491;29000,0.0373868;30000,0.04136864999999999;31000,0.03966401;32000,0.04365821;33000,0.042020499999999995;34000,0.04827192;35000,0.04529068;36000,0.07538724999999999;37000,0.05304413;38000,0.04998128;39000,0.0506869;40000,0.05255542;41000,0.056020730000000005;42000,0.05484493;43000,0.05679407999999999;44000,0.0579494;45000,0.06948858;46000,0.06091708;47000,0.07566118;48000,0.06652696;49000,0.06535896999999999;50000,0.06699003;

aList
selection sort:
insertion sort:
Sedgewick shell sort:1000,0.0;2000,0.00045823;3000,0.0014077;4000,0.0018514199999999999;5000,0.0017231400000000002;6000,0.0029156300000000002;7000,0.0028158199999999997;8000,0.0032665099999999994;9000,0.0038460100000000004;10000,0.00448451;11000,0.00497779;12000,0.0052109;13000,0.0056894;14000,0.0061312400000000005;15000,0.00744242;16000,0.007082160000000001;17000,0.007722370000000001;18000,0.00839384;19000,0.00891647;20000,0.009838099999999999;21000,0.00994835;22000,0.010665449999999998;23000,0.01115014;24000,0.0116815;25000,0.01344236;26000,0.01388566;27000,0.01310749;28000,0.01420535;29000,0.014519609999999999;30000,0.015181679999999998;31000,0.01677829;32000,0.01594897;33000,0.017767369999999998;34000,0.0175256;35000,0.018199290000000003;36000,0.01843812;37000,0.01868759;38000,0.019529860000000003;39000,0.02042948;40000,0.020996440000000005;41000,0.05671845;42000,0.021927850000000002;43000,0.02161622;44000,0.0237953;45000,0.024561049999999997;46000,0.023952469999999997;47000,0.02749553;48000,0.026575599999999998;49000,0.026988999999999996;50000,0.02681584;
heap sort:1000,0.0016868299999999998;2000,0.00460401;3000,0.00672601;4000,0.01025512;5000,0.01249959;6000,0.015084950000000003;7000,0.018315469999999997;8000,0.021153109999999996;9000,0.023978450000000002;10000,0.026131159999999997;11000,0.029300950000000003;12000,0.03243533999999999;13000,0.04677449;14000,0.03989024;15000,0.04857683;16000,0.044821509999999995;17000,0.04830751999999999;18000,0.05179863999999999;19000,0.05521163;20000,0.09371663999999999;21000,0.061421899999999995;22000,0.06410571999999999;23000,0.07213028;24000,0.07055025;25000,0.07475889000000001;26000,0.07865;27000,0.08934396;28000,0.11846231;29000,0.09164561;30000,0.09151066000000001;31000,0.09636216;32000,0.09850772;33000,0.10134055;34000,0.10823804;35000,0.11022958000000001;36000,0.1185359;37000,0.15587006;38000,0.11940197999999999;39000,0.12564055;40000,0.13474486000000002;41000,0.13466096;42000,0.17202;43000,0.14900958;44000,0.15727851;45000,0.15211727000000003;46000,0.15350007999999998;47000,0.15424611;48000,0.15891612;49000,0.16095573000000002;50000,0.16452839;
quick sort:1000,0.00099915;2000,0.00196016;3000,0.00298553;4000,0.00404855;5000,0.005677149999999999;6000,0.00687448;7000,0.008559140000000002;8000,0.00977226;9000,0.010594109999999999;10000,0.01152327;11000,0.01299552;12000,0.01415494;13000,0.0158484;14000,0.01815613;15000,0.018016789999999998;16000,0.02152031;17000,0.022304869999999997;18000,0.022316299999999997;19000,0.024732240000000006;20000,0.02475445;21000,0.026077470000000002;22000,0.027333189999999997;23000,0.029102620000000003;24000,0.029875860000000004;25000,0.030901460000000002;26000,0.032659890000000004;27000,0.03705752;28000,0.03676872;29000,0.03632309;30000,0.038940920000000004;31000,0.04114898;32000,0.04049984999999999;33000,0.04174732;34000,0.05017565;35000,0.04532384;36000,0.050136179999999995;37000,0.04791194;38000,0.05408864;39000,0.0515099;40000,0.05185209;41000,0.06002337;42000,0.056599580000000003;43000,0.05623971;44000,0.0590595;45000,0.06294643;46000,0.06011297000000001;47000,0.06602621;48000,0.06740241;49000,0.06590258;50000,0.06628976;

constList
selection sort:
insertion sort:
Sedgewick shell sort:1000,0.0008585999999999999;2000,0.00055626;3000,0.00090411;4000,0.0030065299999999994;5000,0.00197221;6000,0.00290001;7000,0.00229246;8000,0.0025564399999999992;9000,0.0034944700000000004;10000,0.0036659099999999992;11000,0.0040113;12000,0.00478601;13000,0.005573750000000001;14000,0.00577348;15000,0.00575236;16000,0.005995460000000001;17000,0.00664222;18000,0.00714852;19000,0.0076939899999999995;20000,0.008195530000000001;21000,0.00854124;22000,0.009139650000000001;23000,0.009296659999999998;24000,0.010196269999999999;25000,0.01033722;26000,0.0110858;27000,0.01116814;28000,0.011832199999999998;29000,0.0120937;30000,0.01286446;31000,0.013442270000000001;32000,0.01401695;33000,0.01390391;34000,0.014311750000000002;35000,0.015139729999999999;36000,0.0157799;37000,0.0158953;38000,0.01625497;39000,0.01643958;40000,0.0176583;41000,0.02012183;42000,0.018394419999999998;43000,0.018216959999999997;44000,0.019786139999999997;45000,0.020372559999999998;46000,0.02049643;47000,0.02173023;48000,0.02230161;49000,0.02118155;50000,0.022289379999999998;
heap sort:1000,0.00010372;2000,0.00034281;3000,0.00117611;4000,0.00092519;5000,0.00120503;6000,0.00164401;7000,0.0020418800000000003;8000,0.00160549;9000,0.0018985200000000001;10000,0.00282982;11000,0.0032590500000000003;12000,0.0034971199999999994;13000,0.009781420000000002;14000,0.003501990000000001;15000,0.003969490000000001;16000,0.00397434;17000,0.004261490000000001;18000,0.00459881;19000,0.004817920000000001;20000,0.005264170000000001;21000,0.00529291;22000,0.00556614;23000,0.00583051;24000,0.00603566;25000,0.00617937;26000,0.00906927;27000,0.00675543;28000,0.007254739999999998;29000,0.0072986599999999985;30000,0.007790279999999999;31000,0.007896360000000002;32000,0.00815341;33000,0.008276680000000002;34000,0.008784239999999999;35000,0.0089677;36000,0.009271270000000002;37000,0.00965453;38000,0.009535349999999998;39000,0.01028087;40000,0.01000862;41000,0.01045742;42000,0.021175390000000002;43000,0.01129163;44000,0.01236948;45000,0.011868810000000002;46000,0.01160569;47000,0.012278550000000001;48000,0.01217423;49000,0.01242751;50000,0.012470510000000002;
quick sort:1000,0.0011879899999999999;2000,0.00200481;3000,0.003226229999999999;4000,0.00475733;5000,0.00511035;6000,0.006445640000000001;7000,0.00717396;8000,0.008815100000000001;9000,0.00990077;10000,0.010886940000000001;11000,0.01206393;12000,0.01306669;13000,0.014182659999999996;14000,0.014984939999999999;15000,0.016115700000000004;16000,0.017991359999999998;17000,0.01898412;18000,0.05231402999999999;19000,0.04607461;20000,0.048563730000000006;21000,0.02274659;22000,0.024267229999999994;23000,0.02567699;24000,0.055319469999999996;25000,0.0274416;26000,0.02881148;27000,0.03043998;28000,0.03128095;29000,0.03256992;30000,0.03407424;31000,0.03646052;32000,0.03653356;33000,0.03806055;34000,0.04073856;35000,0.04021711;36000,0.04093898;37000,0.04191395;38000,0.043484310000000005;39000,0.04456085;40000,0.0450099;41000,0.07081072;42000,0.04696633;43000,0.04876711000000001;44000,0.05326337000000001;45000,0.05282004;46000,0.05341409000000001;47000,0.0538955;48000,0.05768185;49000,0.05690217999999999;50000,0.05731734000000001;

