selection sort
ascendList:
descendList:
randList:
aList:
constList:

insertion sort
ascendList:
descendList:
randList:
aList:
constList:

Sedgewick shell sort
ascendList:10000,0.0039992;20000,0.0150008;30000,0.0129961;40000,0.017999;50000,0.0229997;60000,0.0279979;70000,0.0330001;80000,0.0400004;90000,0.045645;100000,0.0513958;110000,0.0599979;120000,0.0756025;130000,0.0838193;140000,0.0811449;150000,0.0859705;
descendList:10000,0.0079993;20000,0.0199978;30000,0.0259966;40000,0.0340002;50000,0.0469995;60000,0.0559969;70000,0.0690003;80000,0.0650659;90000,0.0853813;100000,0.0963268;110000,0.0926485;120000,0.1145236;130000,0.1311799;140000,0.1500867;150000,0.1518855;
randList:10000,0.0134088;20000,0.0319983;30000,0.0490514;40000,0.0739989;50000,0.0939991;60000,0.1154433;70000,0.1342913;80000,0.171256;90000,0.1912193;100000,0.2127693;110000,0.2523916;120000,0.2656452;130000,0.3115184;140000,0.3482484;150000,0.3707359;
aList:10000,0.0070012;20000,0.0159997;30000,0.0254666;40000,0.0330009;50000,0.0429996;60000,0.0536564;70000,0.0684186;80000,0.0699361;90000,0.084805;100000,0.1036399;110000,0.121461;120000,0.1544712;130000,0.1819167;140000,0.1706549;150000,0.2178364;
constList:10000,0.0039976;20000,0.0080031;30000,0.0051639;40000,0.0169999;50000,0.022;60000,0.0262132;70000,0.0334251;80000,0.0455307;90000,0.0450592;100000,0.0560013;110000,0.053284;120000,0.0569957;130000,0.0723072;140000,0.0735512;150000,0.0732635;

heap sort
ascendList:10000,0.0269997;20000,0.0559969;30000,0.0852513;40000,0.120997;50000,0.1610009;60000,0.1748046;70000,0.2126847;80000,0.2608132;90000,0.2915776;100000,0.3306685;110000,0.3869628;120000,0.4099307;130000,0.442226;140000,0.4888916;150000,0.5354352;
descendList:10000,0.0240016;20000,0.0525985;30000,0.0903276;40000,0.1119999;50000,0.1494937;60000,0.1738811;70000,0.2165322;80000,0.2404725;90000,0.2824141;100000,0.3180137;110000,0.3465792;120000,0.3937854;130000,0.4210641;140000,0.460199;150000,0.4923807;
randList:10000,0.0260118;20000,0.0543853;30000,0.0905513;40000,0.1240004;50000,0.1508413;60000,0.1891917;70000,0.2236478;80000,0.2763446;90000,0.3103333;100000,0.3387112;110000,0.4066789;120000,0.4520247;130000,0.5104245;140000,0.5187391;150000,0.5784337;
aList:10000,0.0259875;20000,0.0528733;30000,0.0772766;40000,0.1190006;50000,0.1585754;60000,0.1954022;70000,0.2316983;80000,0.2813891;90000,0.301985;100000,0.3502388;110000,0.3729973;120000,0.4320518;130000,0.4849233;140000,0.5065466;150000,0.5520065;
constList:10000,0.0029985;20000,0.0049998;30000,0.019371;40000,0.0099999;50000,0.0051674;60000,0.0054318;70000,0.0179685;80000,0.0192332;90000,0.0294649;100000,0.0253987;110000,0.0397352;120000,0.0389623;130000,0.0332448;140000,0.0348849;150000,0.0405377;

